,Inertia,Instability,Variability,Participant,Window
0,-0.024859330120309175,0.5216383307573416,27.670726328483546,0,0
1,-0.013506878067310166,0.6028593508500772,20.22508045092708,0,1
2,-0.09440709379183623,0.6694234039264183,28.95258025800457,0,2
3,0.010315061978984564,0.5785283660534859,45.16998524087928,0,3
4,-0.3100523732182909,0.5957955088389871,30.763052560760276,1,0
5,-0.0982237868951183,1.659022137283007,49.19977007254645,1,1
6,-0.1849379772572883,0.7884217232043319,30.996293048783027,1,2
7,-0.23806865571333868,1.465042204172639,49.3205168935019,1,3
8,0.3495623416158618,1.8856323669958586,58.185133736490194,1,4
9,-0.2908865444079182,0.6870918171340761,33.53586597152007,2,0
10,-0.04246605804630047,0.8355532786885246,44.35777254046146,2,1
11,-0.24900073354372035,0.46663980660757454,25.719454211286774,3,0
12,-0.1676162384322756,0.5660757453666398,38.466860659672015,3,1
13,0.3003244519617714,1.1112185686653773,49.65597502109814,3,2
14,0.06972574946908469,0.9199169375225713,27.51044938149222,4,0
15,-0.21942149437335923,1.0181957738847751,42.417467605690014,4,1
16,-0.09261908349057116,1.0281741014990067,39.08386819219123,4,2
17,-0.25937896015292744,1.2579916922521222,40.86125787015994,4,3
18,-0.11990866046841081,0.7770070043103449,24.48150709273595,5,0
19,0.11908514266018003,0.8391702586206896,30.16555345712802,5,1
20,0.15721393253897076,1.1688793103448276,35.67019956930479,6,0
21,-0.12249452706473124,0.8967241379310344,44.01886542004823,6,1
22,0.3896389069688567,0.6091567511639938,54.2534773944136,6,2
23,0.32359223198210463,0.8548025521641662,42.74226050996582,6,3
24,-0.010995893444731088,1.2859975857906536,49.14948486792514,6,4
25,0.1128074957816263,1.0958785997585792,51.03554280585937,6,5
26,-0.005996499017521929,0.9445808488249737,20.911877617501002,7,0
27,-0.21168768258212836,0.7371513769514121,24.49417245779201,7,1
28,-0.2664230085489054,1.1724258901947027,35.04271718623785,7,2
29,0.1467426205868644,0.7542360285374554,30.628711194848847,8,0
30,0.3886769768757483,0.5477853745541023,12.445907883491364,8,1
31,-0.12504662196899044,1.8772112382934443,44.670397232621134,8,2
32,0.5772007728389952,0.8842351716961498,63.40685480917504,8,3
33,-0.35961139264582515,0.579431877958969,21.333242062466404,9,0
34,0.010005043722002999,0.8888304401192355,46.64736764555479,9,1
35,-0.025921149734887385,0.9214310768151526,49.005813762681235,9,2
36,0.11553359766048943,0.5256294149610578,38.004103147397544,10,0
37,-0.4774146461594205,0.5584133309183119,33.42327774984223,10,1
38,-0.23581866889256875,0.6638290164825212,38.994848817158854,10,2
39,-0.03143129549753115,0.6217391304347826,27.35290556232516,10,3
40,0.05737163135738846,1.5532608695652175,55.43209263870774,10,4
