,Inertia,Inertia,Inertia,Inertia,Inertia,Inertia,Instability,Instability,Instability,Instability,Instability,Instability,Variability,Variability,Variability,Variability,Variability,Variability
Window,0,1,2,3,4,5,0,1,2,3,4,5,0,1,2,3,4,5
Participant,,,,,,,,,,,,,,,,,,
0,-0.024859330120309175,-0.013506878067310166,-0.09440709379183623,0.010315061978984564,,,0.5216383307573416,0.6028593508500772,0.6694234039264183,0.5785283660534859,,,27.670726328483546,20.22508045092708,28.95258025800457,45.16998524087928,,
1,-0.3100523732182909,-0.0982237868951183,-0.1849379772572883,-0.23806865571333868,0.3495623416158618,,0.5957955088389871,1.659022137283007,0.7884217232043319,1.465042204172639,1.8856323669958586,,30.763052560760276,49.19977007254645,30.996293048783027,49.3205168935019,58.185133736490194,
2,-0.2908865444079182,-0.04246605804630047,,,,,0.6870918171340761,0.8355532786885246,,,,,33.53586597152007,44.35777254046146,,,,
3,-0.24900073354372035,-0.1676162384322756,0.3003244519617714,,,,0.46663980660757454,0.5660757453666398,1.1112185686653773,,,,25.719454211286774,38.466860659672015,49.65597502109814,,,
4,0.06972574946908469,-0.21942149437335923,-0.09261908349057116,-0.25937896015292744,,,0.9199169375225713,1.0181957738847751,1.0281741014990067,1.2579916922521222,,,27.51044938149222,42.417467605690014,39.08386819219123,40.86125787015994,,
5,-0.11990866046841081,0.11908514266018003,,,,,0.7770070043103449,0.8391702586206896,,,,,24.48150709273595,30.16555345712802,,,,
6,0.15721393253897076,-0.12249452706473124,0.3896389069688567,0.32359223198210463,-0.010995893444731088,0.1128074957816263,1.1688793103448276,0.8967241379310344,0.6091567511639938,0.8548025521641662,1.2859975857906536,1.0958785997585792,35.67019956930479,44.01886542004823,54.2534773944136,42.74226050996582,49.14948486792514,51.03554280585937
7,-0.005996499017521929,-0.21168768258212836,-0.2664230085489054,,,,0.9445808488249737,0.7371513769514121,1.1724258901947027,,,,20.911877617501002,24.49417245779201,35.04271718623785,,,
8,0.1467426205868644,0.3886769768757483,-0.12504662196899044,0.5772007728389952,,,0.7542360285374554,0.5477853745541023,1.8772112382934443,0.8842351716961498,,,30.628711194848847,12.445907883491364,44.670397232621134,63.40685480917504,,
9,-0.35961139264582515,0.010005043722002999,-0.025921149734887385,,,,0.579431877958969,0.8888304401192355,0.9214310768151526,,,,21.333242062466404,46.64736764555479,49.005813762681235,,,
10,0.11553359766048943,-0.4774146461594205,-0.23581866889256875,-0.03143129549753115,0.05737163135738846,,0.5256294149610578,0.5584133309183119,0.6638290164825212,0.6217391304347826,1.5532608695652175,,38.004103147397544,33.42327774984223,38.994848817158854,27.35290556232516,55.43209263870774,
